k = 1.1992969217385785e-08
sosik: [[ 0.00000001  0.00000002  0.00000001  1.         -1.60996557  0.64921444]
 [ 1.          2.          1.          1.         -1.6541342   0.69445984]
 [ 1.          2.          1.          1.         -1.74246383  0.78494284]
 [ 1.          2.          1.          1.         -1.87315289  0.91881793]]
k1 =  1.2222485541654694e-06
sos1: [[ 0.00981222  0.01962444  0.00981222  1.         -1.60996557  0.64921444]
 [ 1.          2.          1.          1.         -1.6541342   0.69445984]
 [ 1.          2.          1.          1.         -1.74246383  0.78494284]
 [ 1.          2.          1.          1.         -1.87315289  0.91881793]]
k2 =  99.19246017856321
sos2: [[ 0.00981222  0.01962444  0.00981222  1.         -1.60996557  0.64921444]
 [ 0.01008141  0.02016282  0.01008141  1.         -1.6541342   0.69445984]
 [ 1.          2.          1.          1.         -1.74246383  0.78494284]
 [ 1.          2.          1.          1.         -1.87315289  0.91881793]]
k3 =  94.16415874829991
sos3: [[ 0.00981222  0.01962444  0.00981222  1.         -1.60996557  0.64921444]
 [ 0.01008141  0.02016282  0.01008141  1.         -1.6541342   0.69445984]
 [ 0.01061975  0.0212395   0.01061975  1.         -1.74246383  0.78494284]
 [ 1.          2.          1.          1.         -1.87315289  0.91881793]]
k4 =  87.59436644020182
sos4: [[ 0.00981222  0.01962444  0.00981222  1.         -1.60996557  0.64921444]
 [ 0.01008141  0.02016282  0.01008141  1.         -1.6541342   0.69445984]
 [ 0.01061975  0.0212395   0.01061975  1.         -1.74246383  0.78494284]
 [ 0.01141626  0.02283252  0.01141626  1.         -1.87315289  0.91881793]]
k =  1.0
Q15: [[   161    322    161  16384 -26378  10637]
 [   165    330    165  16384 -27101  11378]
 [   174    348    174  16384 -28549  12861]
 [   187    374    187  16384 -30690  15054]]
k1 = 1.0015552099533438
k2 = 1.0000399978354113
k3 = 1.0000399978354113
k4 = 1.0003578955698582
[0.80574869 0.80574869 0.83334147 0.83334147 0.8859871  0.8859871
 0.95855268 0.95855268]
